Item,Serving Size,Total Fat,Carbohydrates,Protein,Sugar,Fiber,Sodium,Cholesterol,Calories,Saturated Fat,Trans Fat,Carbs Metric,Cholesterol Metric,Fat Metric,Sodium Metric,Protein Metric
"6"" Black Forest Ham",219.0,4.5,46.0,18.0,8.0,5.0,800.0,25.0,290.0,1.0,0.0,1.0574712643678161,0.574712643678161,0.40304523063143755,2.298850574712644,0.41379310344827586
"6"" Oven Roasted Chicken",233.0,5.0,46.0,23.0,8.0,5.0,610.0,45.0,320.0,1.5,0.0,0.9583333333333333,0.9375,0.40584415584415584,1.5885416666666667,0.47916666666666663
"6"" Roast Beef",233.0,5.0,45.0,25.0,7.0,5.0,660.0,45.0,320.0,1.5,0.0,0.9375,0.9375,0.40584415584415584,1.71875,0.5208333333333334
"6"" Rotisserie-Style Chicken",247.0,6.0,45.0,29.0,7.0,5.0,660.0,55.0,350.0,1.5,0.0,0.8571428571428571,1.0476190476190477,0.44526901669758817,1.5714285714285714,0.5523809523809524
"6"" Subway Club",240.0,4.5,46.0,23.0,8.0,5.0,840.0,40.0,310.0,1.5,0.0,0.989247311827957,0.8602150537634409,0.37704231252618353,2.258064516129032,0.4946236559139785
"6"" Sweet Onion Chicken Teriyaki",269.0,4.0,58.0,25.0,16.0,5.0,770.0,50.0,370.0,1.0,0.0,1.0450450450450453,0.900900900900901,0.2808002808002808,1.7342342342342343,0.4504504504504505
"6"" Turkey Breast",219.0,3.5,46.0,18.0,7.0,5.0,760.0,20.0,280.0,1.0,0.0,1.0952380952380953,0.47619047619047616,0.3246753246753247,2.2619047619047623,0.42857142857142855
"6"" Veggie Delite",162.0,2.5,44.0,8.0,7.0,5.0,280.0,0.0,230.0,0.5,0.0,1.2753623188405798,0.0,0.282326369282891,1.0144927536231885,0.2318840579710145
Footlong Black Forest Ham,438.0,9.0,92.0,36.0,16.0,10.0,1600.0,50.0,580.0,2.0,0.0,1.0574712643678161,0.574712643678161,0.40304523063143755,2.298850574712644,0.41379310344827586
Footlong Oven Roasted Chicken,466.0,10.0,92.0,46.0,16.0,10.0,1220.0,90.0,640.0,3.0,0.0,0.9583333333333333,0.9375,0.40584415584415584,1.5885416666666667,0.47916666666666663
Footlong Roast Beef,466.0,10.0,90.0,50.0,14.0,10.0,1320.0,90.0,640.0,3.0,0.0,0.9375,0.9375,0.40584415584415584,1.71875,0.5208333333333334
Footlong Rotisserie-Style Chicken,494.0,12.0,90.0,58.0,14.0,10.0,1320.0,110.0,700.0,3.0,0.0,0.8571428571428571,1.0476190476190477,0.44526901669758817,1.5714285714285714,0.5523809523809524
Footlong Subway Club,480.0,9.0,92.0,46.0,16.0,10.0,1680.0,80.0,620.0,3.0,0.0,0.989247311827957,0.8602150537634409,0.37704231252618353,2.258064516129032,0.4946236559139785
Footlong Sweet Onion Chicken Teriyaki,538.0,8.0,116.0,50.0,32.0,10.0,1540.0,100.0,740.0,2.0,0.0,1.0450450450450453,0.900900900900901,0.2808002808002808,1.7342342342342343,0.4504504504504505
Footlong Turkey Breast,438.0,7.0,92.0,36.0,14.0,10.0,1520.0,40.0,560.0,2.0,0.0,1.0952380952380953,0.47619047619047616,0.3246753246753247,2.2619047619047623,0.42857142857142855
Footlong Veggie Delite,324.0,5.0,88.0,16.0,14.0,10.0,560.0,0.0,460.0,1.0,0.0,1.2753623188405798,0.0,0.282326369282891,1.0144927536231885,0.2318840579710145
"6"" Chicken & Bacon Ranch Melt",298.0,30.0,47.0,38.0,8.0,5.0,1290.0,95.0,610.0,10.0,0.5,0.5136612021857924,1.0382513661202186,1.2774111134766872,1.7622950819672132,0.41530054644808745
"6"" Cold Cut Combo",226.0,12.0,46.0,17.0,7.0,5.0,1030.0,45.0,360.0,3.5,0.0,0.8518518518518519,0.8333333333333334,0.8658008658008658,2.3842592592592595,0.3148148148148148
"6"" Italian B.M.T.",226.0,16.0,46.0,20.0,8.0,5.0,1260.0,45.0,410.0,6.0,0.0,0.7479674796747968,0.7317073170731707,1.0136205258156477,2.5609756097560976,0.3252032520325204
"6"" Meatball Marinara",301.0,18.0,60.0,21.0,12.0,8.0,1000.0,40.0,480.0,7.0,0.5,0.8333333333333334,0.5555555555555556,0.974025974025974,1.7361111111111114,0.2916666666666667
"6"" Spicy Italian",222.0,24.0,46.0,20.0,8.0,5.0,1490.0,50.0,480.0,9.0,0.5,0.638888888888889,0.6944444444444445,1.2987012987012987,2.5868055555555554,0.2777777777777778
"6"" Steak & Cheese",245.0,10.0,49.0,26.0,9.0,5.0,1030.0,50.0,380.0,4.5,0.0,0.8596491228070177,0.8771929824561403,0.683526999316473,2.2587719298245617,0.456140350877193
"6"" Tuna",237.0,25.0,44.0,20.0,7.0,5.0,580.0,40.0,480.0,4.5,0.0,0.611111111111111,0.5555555555555556,1.352813852813853,1.0069444444444444,0.2777777777777778
Footlong Chicken & Bacon Ranch Melt,596.0,60.0,94.0,76.0,16.0,10.0,2580.0,190.0,1220.0,20.0,1.0,0.5136612021857924,1.0382513661202186,1.2774111134766872,1.7622950819672132,0.41530054644808745
Footlong Cold Cut Combo,452.0,24.0,92.0,34.0,14.0,10.0,2060.0,90.0,720.0,7.0,0.0,0.8518518518518519,0.8333333333333334,0.8658008658008658,2.3842592592592595,0.3148148148148148
Footlong Italian B.M.T.,452.0,32.0,92.0,40.0,16.0,10.0,2520.0,90.0,820.0,12.0,0.0,0.7479674796747968,0.7317073170731707,1.0136205258156477,2.5609756097560976,0.3252032520325204
Footlong Meatball Marinara,602.0,36.0,120.0,42.0,24.0,16.0,2000.0,80.0,960.0,14.0,1.0,0.8333333333333334,0.5555555555555556,0.974025974025974,1.7361111111111114,0.2916666666666667
Footlong Spicy Italian,444.0,48.0,92.0,40.0,16.0,10.0,2980.0,100.0,960.0,18.0,1.0,0.638888888888889,0.6944444444444445,1.2987012987012987,2.5868055555555554,0.2777777777777778
Footlong Steak & Cheese,490.0,20.0,98.0,52.0,18.0,10.0,2060.0,100.0,760.0,9.0,0.0,0.8596491228070177,0.8771929824561403,0.683526999316473,2.2587719298245617,0.456140350877193
Footlong Tuna,474.0,50.0,88.0,40.0,14.0,10.0,1160.0,80.0,960.0,9.0,0.0,0.611111111111111,0.5555555555555556,1.352813852813853,1.0069444444444444,0.2777777777777778
Black Forest Ham on Tomato Basil Wrap,307.0,12.0,57.0,27.0,6.0,4.0,1780.0,50.0,430.0,5.0,0.0,0.8837209302325582,0.7751937984496124,0.7248565388100272,3.4496124031007755,0.4186046511627908
Chicken & Bacon Ranch Melt on Tomato Basil Wrap,394.0,42.0,56.0,60.0,5.0,4.0,2380.0,155.0,850.0,16.0,1.0,0.43921568627450985,1.2156862745098038,1.283422459893048,2.3333333333333335,0.47058823529411764
Chipotle Southwest Steak on Tomato Basil Wrap,389.0,37.0,65.0,43.0,8.0,6.0,2250.0,100.0,760.0,12.0,1.0,0.5701754385964912,0.8771929824561403,1.264524948735475,2.467105263157895,0.37719298245614036
Cold Cut Combo on Tomato Basil Wrap,314.0,27.0,57.0,27.0,4.0,3.0,2230.0,90.0,570.0,10.0,0.5,0.6666666666666667,1.0526315789473684,1.2303485987696514,3.2602339181286553,0.31578947368421056
Italian B.M.T. on Tomato Basil Wrap,314.0,36.0,57.0,32.0,6.0,4.0,2700.0,90.0,670.0,14.0,0.5,0.5671641791044777,0.8955223880597015,1.3956193060670672,3.3582089552238803,0.31840796019900497
Meatball Marinara on Tomato Basil Wrap,381.0,40.0,81.0,34.0,12.0,8.0,2200.0,80.0,820.0,16.0,2.0,0.6585365853658537,0.6504065040650407,1.2670256572695597,2.2357723577235773,0.2764227642276423
Oven Roasted Chicken Breast on Spinach Wrap,335.0,13.0,56.0,38.0,5.0,4.0,1460.0,90.0,500.0,5.0,0.0,0.7466666666666667,1.2,0.6753246753246753,2.4333333333333336,0.5066666666666667
Roast Beef on Spinach Wrap,335.0,13.0,54.0,42.0,5.0,4.0,1560.0,90.0,500.0,5.0,0.0,0.72,1.2,0.6753246753246753,2.6,0.56
Rotisserie-Style Chicken Caesar on Spinach Wrap,365.0,34.0,54.0,55.0,4.0,3.0,1900.0,135.0,730.0,10.0,0.5,0.4931506849315069,1.2328767123287672,1.2097491549546344,2.168949771689498,0.502283105022831
Rotisserie-Style Chicken on Spinach Wrap,364.0,15.0,54.0,51.0,4.0,3.0,1560.0,110.0,550.0,5.0,0.0,0.6545454545454545,1.3333333333333335,0.7083825265643447,2.3636363636363638,0.6181818181818182
Spicy Italian on Tomato Wrap,304.0,52.0,56.0,32.0,6.0,4.0,3140.0,105.0,820.0,20.0,1.0,0.4552845528455285,0.853658536585366,1.6471333544504276,3.1910569105691056,0.2601626016260163
Steak & Cheese on Tomato Basil Wrap,269.0,19.0,59.0,41.0,5.0,3.0,2030.0,90.0,570.0,9.0,1.0,0.6900584795321638,1.0526315789473684,0.8658008658008658,2.9678362573099415,0.4795321637426901
Subway Club on Spinach Wrap,349.0,13.0,56.0,39.0,5.0,4.0,1920.0,75.0,490.0,5.0,0.0,0.7619047619047619,1.0204081632653061,0.6891068115557911,3.2653061224489797,0.5306122448979592
Sweet Onion Chicken Teriyaki on Tomato Basil Wrap,385.0,12.0,71.0,42.0,14.0,4.0,1630.0,100.0,550.0,4.0,0.0,0.8606060606060606,1.2121212121212122,0.5667060212514758,2.46969696969697,0.5090909090909091
Tuna on Tomato Basil Wrap,335.0,54.0,53.0,33.0,3.0,3.0,1330.0,75.0,820.0,11.0,0.5,0.43089430894308944,0.6097560975609756,1.7104846373139058,1.3516260162601628,0.2682926829268293
"Turkey, Bacon & Guacamole on Tomato Basil Wrap",380.0,42.0,62.0,43.0,6.0,5.0,2960.0,75.0,810.0,13.0,0.5,0.5102880658436214,0.6172839506172839,1.3468013468013467,3.045267489711934,0.3539094650205762
Turkey Breast on Spinach Wrap,307.0,10.0,57.0,28.0,4.0,3.0,1760.0,40.0,430.0,4.0,0.0,0.8837209302325582,0.6201550387596899,0.6040471156750227,3.410852713178295,0.43410852713178294
Veggie Delite on Spinach Wrap,285.0,8.0,56.0,10.0,5.0,4.0,800.0,0.0,330.0,3.0,0.0,1.1313131313131315,0.0,0.6296733569460842,2.0202020202020203,0.20202020202020204
Kids Black Forest Ham,136.0,2.5,30.0,10.0,5.0,3.0,450.0,10.0,180.0,0.5,0.0,1.1111111111111112,0.37037037037037035,0.3607503607503607,2.0833333333333335,0.37037037037037035
Kids Roast Beef,146.0,3.0,30.0,14.0,5.0,4.0,390.0,25.0,200.0,1.0,0.0,1.0,0.8333333333333334,0.3896103896103896,1.625,0.46666666666666673
Kids Turkey Breast,136.0,2.0,30.0,10.0,5.0,3.0,430.0,10.0,180.0,0.5,0.0,1.1111111111111112,0.37037037037037035,0.28860028860028863,1.9907407407407407,0.37037037037037035
Kids Veggie Delite,108.0,1.5,29.0,6.0,4.0,3.0,190.0,0.0,150.0,0.0,0.0,1.288888888888889,0.0,0.2597402597402597,1.0555555555555556,0.26666666666666666
"6"" Applewood Pulled Pork",276.0,9.0,62.0,23.0,24.0,5.0,980.0,45.0,420.0,2.0,0.0,0.9841269841269842,0.7142857142857143,0.5565862708719852,1.9444444444444446,0.3650793650793651
"6"" B.L.T.",165.0,13.0,44.0,20.0,7.0,5.0,1130.0,20.0,380.0,4.5,0.0,0.7719298245614036,0.3508771929824561,0.8885850991114149,2.4780701754385968,0.3508771929824561
"6"" BBQ Rib Melt",255.0,29.0,49.0,24.0,10.0,5.0,840.0,60.0,550.0,11.0,0.0,0.593939393939394,0.7272727272727273,1.369539551357733,1.272727272727273,0.29090909090909095
"6"" Big Cheesy",126.0,17.0,43.0,18.0,5.0,4.0,980.0,45.0,390.0,10.0,0.5,0.7350427350427351,0.7692307692307693,1.132201132201132,2.094017094017094,0.3076923076923077
"6"" Buffalo Chicken Rotisserie-Style",283.0,17.0,47.0,29.0,8.0,6.0,1270.0,60.0,460.0,3.0,0.0,0.6811594202898551,0.8695652173913043,0.9599096555618295,2.300724637681159,0.42028985507246375
"6"" Buffalo Chicken with Chicken Strips",269.0,16.0,46.0,25.0,8.0,6.0,1100.0,55.0,420.0,3.0,0.0,0.7301587301587302,0.8730158730158731,0.9894867037724181,2.182539682539683,0.3968253968253968
"6"" Caesar Chicken Melt with Chicken Strips",268.0,22.0,46.0,29.0,7.0,5.0,800.0,75.0,490.0,6.0,0.5,0.6258503401360545,1.0204081632653061,1.1661807580174925,1.360544217687075,0.39455782312925175
"6"" Chicken Caesar Melt Rotisserie Style",283.0,24.0,46.0,34.0,8.0,5.0,1010.0,75.0,520.0,6.0,0.5,0.5897435897435898,0.9615384615384615,1.1988011988011988,1.6185897435897436,0.43589743589743596
"6"" Chicken Parmesan",277.0,16.0,63.0,24.0,10.0,6.0,1000.0,35.0,480.0,5.0,0.5,0.8750000000000001,0.48611111111111116,0.8658008658008658,1.7361111111111114,0.33333333333333337
"6"" Chicken Pizziola Melt",293.0,15.0,50.0,32.0,10.0,6.0,1140.0,80.0,460.0,6.0,0.5,0.7246376811594203,1.1594202898550725,0.846979107848673,2.0652173913043477,0.463768115942029
"6"" Chicken Salad",170.0,10.0,51.0,19.0,12.0,6.0,660.0,45.0,370.0,2.0,0.0,0.918918918918919,0.8108108108108109,0.7020007020007021,1.4864864864864866,0.3423423423423424
"6"" Chicken Strips",233.0,4.0,44.0,25.0,7.0,5.0,490.0,50.0,310.0,1.0,0.0,0.946236559139785,1.075268817204301,0.3351487222454964,1.3172043010752688,0.5376344086021505
"6"" Corned Beef Reuben",328.0,15.0,52.0,39.0,13.0,7.0,1720.0,85.0,490.0,5.0,0.5,0.7074829931972789,1.1564625850340136,0.795123244102836,2.925170068027211,0.5306122448979592
"6"" Crunchy Chicken Enchilada",303.0,26.0,60.0,26.0,10.0,7.0,1120.0,20.0,580.0,7.0,0.5,0.6896551724137931,0.22988505747126436,1.1643528884908194,1.6091954022988506,0.2988505747126437
"6"" Cubano",307.0,14.0,48.0,32.0,9.0,5.0,1430.0,70.0,460.0,4.5,0.0,0.6956521739130435,1.0144927536231885,0.7905138339920948,2.5905797101449277,0.463768115942029
"6"" Egg Salad",247.0,26.0,45.0,17.0,7.0,5.0,450.0,255.0,480.0,5.0,0.0,0.625,3.541666666666667,1.406926406926407,0.78125,0.2361111111111111
"6"" Falafel",276.0,24.0,73.0,18.0,8.0,13.0,1050.0,10.0,580.0,4.0,0.5,0.839080459770115,0.11494252873563218,1.0747872816838333,1.5086206896551724,0.20689655172413793
"6"" Italian Hero",266.0,29.0,47.0,26.0,9.0,5.0,1470.0,75.0,550.0,9.0,0.5,0.5696969696969697,0.9090909090909091,1.369539551357733,2.2272727272727275,0.3151515151515152
"6"" Italian Hero Supreme",302.0,27.0,54.0,29.0,14.0,5.0,1660.0,90.0,570.0,11.0,0.5,0.6315789473684211,1.0526315789473684,1.2303485987696514,2.426900584795322,0.3391812865497076
"6"" Malibu Garden Vegan Patty",247.0,10.0,64.0,13.0,8.0,9.0,780.0,0.0,380.0,2.0,0.0,1.1228070175438596,0.0,0.683526999316473,1.710526315789474,0.2280701754385965
"6"" Mediterranean Chicken",283.0,20.0,46.0,30.0,7.0,5.0,930.0,70.0,490.0,6.0,0.0,0.6258503401360545,0.9523809523809523,1.0601643254704478,1.5816326530612246,0.40816326530612246
"6"" Mediterranean Steak",283.0,22.0,49.0,29.0,9.0,5.0,1270.0,60.0,520.0,7.0,0.5,0.6282051282051282,0.7692307692307693,1.098901098901099,2.0352564102564106,0.3717948717948718
"6"" Orchard Chicken Salad",247.0,8.0,54.0,20.0,15.0,6.0,530.0,40.0,370.0,1.5,0.0,0.972972972972973,0.7207207207207208,0.5616005616005616,1.1936936936936937,0.3603603603603604
"6"" Pastrami",230.0,17.0,46.0,20.0,8.0,5.0,980.0,50.0,420.0,7.0,0.0,0.7301587301587302,0.7936507936507936,1.0513296227581943,1.9444444444444446,0.31746031746031744
"6"" Pastrami Melt, Big Hot",287.0,28.0,47.0,29.0,8.0,5.0,1470.0,85.0,580.0,11.0,0.0,0.5402298850574713,0.9770114942528735,1.2539184952978055,2.1120689655172415,0.33333333333333337
"6"" Pepperoni",198.0,17.0,45.0,16.0,8.0,5.0,1080.0,30.0,390.0,6.0,0.5,0.7692307692307693,0.5128205128205129,1.132201132201132,2.307692307692308,0.27350427350427353
"6"" Pizza Sub Melt",195.0,24.0,49.0,20.0,9.0,5.0,1640.0,55.0,490.0,10.0,0.5,0.6666666666666667,0.7482993197278912,1.2721971905645375,2.789115646258504,0.27210884353741494
"6"" Sea Salt & Pepper Fish",286.0,19.0,74.0,21.0,8.0,7.0,1130.0,40.0,600.0,4.5,0.0,0.8222222222222223,0.4444444444444445,0.8225108225108225,1.5694444444444444,0.23333333333333336
"6"" Subway Melt",246.0,13.0,48.0,26.0,9.0,5.0,1410.0,40.0,410.0,5.0,0.5,0.7804878048780488,0.6504065040650407,0.8235666772252138,2.8658536585365852,0.42276422764227645
"6"" Subway Seafood SensationTM",233.0,19.0,51.0,13.0,8.0,5.0,780.0,15.0,420.0,3.0,0.0,0.8095238095238095,0.23809523809523808,1.1750154607297465,1.5476190476190477,0.20634920634920637
"6"" Turkey & Bacon",234.0,9.0,47.0,23.0,8.0,5.0,1190.0,30.0,360.0,3.0,0.0,0.8703703703703705,0.5555555555555556,0.6493506493506493,2.7546296296296298,0.42592592592592593
"6"" Turkey & Bacon Avocado",270.0,14.0,50.0,24.0,8.0,7.0,1190.0,30.0,420.0,3.5,0.0,0.7936507936507936,0.47619047619047616,0.8658008658008658,2.361111111111111,0.38095238095238093
"6"" Turkey & Bacon Guacamole",270.0,15.0,50.0,24.0,8.0,7.0,1280.0,30.0,440.0,4.0,0.0,0.7575757575757576,0.45454545454545453,0.8854781582054309,2.4242424242424243,0.36363636363636365
"6"" Turkey Breast & Black Forest Ham",219.0,4.0,46.0,18.0,8.0,5.0,780.0,20.0,280.0,1.0,0.0,1.0952380952380953,0.47619047619047616,0.37105751391465674,2.3214285714285716,0.42857142857142855
"6"" Turkey Italiano Melt",252.0,23.0,48.0,22.0,9.0,5.0,1560.0,50.0,480.0,8.0,0.5,0.6666666666666667,0.6944444444444445,1.2445887445887447,2.7083333333333335,0.3055555555555555
"6"" Veggie Patty",247.0,10.0,52.0,21.0,9.0,8.0,800.0,0.0,390.0,3.0,0.0,0.888888888888889,0.0,0.666000666000666,1.7094017094017093,0.35897435897435903
Footlong Applewood Pulled Pork,552.0,18.0,124.0,46.0,48.0,10.0,1960.0,90.0,840.0,4.0,0.0,0.9841269841269842,0.7142857142857143,0.5565862708719852,1.9444444444444446,0.3650793650793651
Footlong B.L.T.,330.0,26.0,88.0,40.0,14.0,10.0,2260.0,40.0,760.0,9.0,0.0,0.7719298245614036,0.3508771929824561,0.8885850991114149,2.4780701754385968,0.3508771929824561
Footlong BBQ Rib Melt,510.0,58.0,98.0,48.0,20.0,10.0,1680.0,120.0,1100.0,22.0,0.0,0.593939393939394,0.7272727272727273,1.369539551357733,1.272727272727273,0.29090909090909095
Footlong Big Cheesy,252.0,34.0,86.0,36.0,10.0,8.0,1960.0,90.0,780.0,20.0,1.0,0.7350427350427351,0.7692307692307693,1.132201132201132,2.094017094017094,0.3076923076923077
Footlong Buffalo Chicken Rotisserie-Style,566.0,34.0,94.0,58.0,16.0,12.0,2540.0,120.0,920.0,6.0,0.0,0.6811594202898551,0.8695652173913043,0.9599096555618295,2.300724637681159,0.42028985507246375
Footlong Buffalo Chicken with Chicken Strips,538.0,32.0,92.0,50.0,16.0,12.0,2200.0,110.0,840.0,6.0,0.0,0.7301587301587302,0.8730158730158731,0.9894867037724181,2.182539682539683,0.3968253968253968
Footlong Caesar Chicken Melt with Chicken Strips,536.0,44.0,92.0,58.0,14.0,10.0,1600.0,150.0,980.0,12.0,1.0,0.6258503401360545,1.0204081632653061,1.1661807580174925,1.360544217687075,0.39455782312925175
Footlong Chicken Caesar Melt Rotisserie Style,566.0,48.0,92.0,68.0,16.0,10.0,2020.0,150.0,1040.0,12.0,1.0,0.5897435897435898,0.9615384615384615,1.1988011988011988,1.6185897435897436,0.43589743589743596
Footlong Chicken Parmesan,554.0,32.0,126.0,48.0,20.0,12.0,2000.0,70.0,960.0,10.0,1.0,0.8750000000000001,0.48611111111111116,0.8658008658008658,1.7361111111111114,0.33333333333333337
Footlong Chicken Pizziola Melt,586.0,30.0,100.0,64.0,20.0,12.0,2280.0,160.0,920.0,12.0,1.0,0.7246376811594203,1.1594202898550725,0.846979107848673,2.0652173913043477,0.463768115942029
Footlong Chicken Salad,340.0,20.0,102.0,38.0,24.0,12.0,1320.0,90.0,740.0,4.0,0.0,0.918918918918919,0.8108108108108109,0.7020007020007021,1.4864864864864866,0.3423423423423424
Footlong Chicken Strips,466.0,8.0,88.0,50.0,14.0,10.0,980.0,100.0,620.0,2.0,0.0,0.946236559139785,1.075268817204301,0.3351487222454964,1.3172043010752688,0.5376344086021505
Footlong Corned Beef Reuben,656.0,30.0,104.0,78.0,26.0,14.0,3440.0,170.0,980.0,10.0,1.0,0.7074829931972789,1.1564625850340136,0.795123244102836,2.925170068027211,0.5306122448979592
Footlong Crunchy Chicken Enchilada,606.0,52.0,120.0,52.0,20.0,14.0,2240.0,40.0,1160.0,14.0,1.0,0.6896551724137931,0.22988505747126436,1.1643528884908194,1.6091954022988506,0.2988505747126437
Footlong Cubano,614.0,28.0,96.0,64.0,18.0,10.0,2860.0,140.0,920.0,9.0,0.0,0.6956521739130435,1.0144927536231885,0.7905138339920948,2.5905797101449277,0.463768115942029
Footlong Egg Salad,494.0,52.0,90.0,34.0,14.0,10.0,900.0,510.0,960.0,10.0,0.0,0.625,3.541666666666667,1.406926406926407,0.78125,0.2361111111111111
Footlong Falafel,552.0,48.0,146.0,36.0,16.0,26.0,2100.0,20.0,1160.0,8.0,1.0,0.839080459770115,0.11494252873563218,1.0747872816838333,1.5086206896551724,0.20689655172413793
Footlong Italian Hero,532.0,58.0,94.0,52.0,18.0,10.0,2940.0,150.0,1100.0,18.0,1.0,0.5696969696969697,0.9090909090909091,1.369539551357733,2.2272727272727275,0.3151515151515152
Footlong Italian Hero Supreme,604.0,54.0,108.0,58.0,28.0,10.0,3320.0,180.0,1140.0,22.0,1.0,0.6315789473684211,1.0526315789473684,1.2303485987696514,2.426900584795322,0.3391812865497076
Footlong Malibu Garden Vegan Patty,494.0,20.0,128.0,26.0,16.0,18.0,1560.0,0.0,760.0,4.0,0.0,1.1228070175438596,0.0,0.683526999316473,1.710526315789474,0.2280701754385965
Footlong Mediterranean Chicken,566.0,40.0,92.0,60.0,14.0,10.0,1860.0,140.0,980.0,12.0,0.0,0.6258503401360545,0.9523809523809523,1.0601643254704478,1.5816326530612246,0.40816326530612246
Footlong Mediterranean Steak,566.0,44.0,98.0,58.0,18.0,10.0,2540.0,120.0,1040.0,14.0,1.0,0.6282051282051282,0.7692307692307693,1.098901098901099,2.0352564102564106,0.3717948717948718
Footlong Orchard Chicken Salad,494.0,16.0,108.0,40.0,30.0,12.0,1060.0,80.0,740.0,3.0,0.0,0.972972972972973,0.7207207207207208,0.5616005616005616,1.1936936936936937,0.3603603603603604
Footlong Pastrami,460.0,34.0,92.0,40.0,16.0,10.0,1960.0,100.0,840.0,14.0,0.0,0.7301587301587302,0.7936507936507936,1.0513296227581943,1.9444444444444446,0.31746031746031744
"Footlong Pastrami Melt, Big Hot",574.0,56.0,94.0,58.0,16.0,10.0,2940.0,170.0,1160.0,22.0,0.0,0.5402298850574713,0.9770114942528735,1.2539184952978055,2.1120689655172415,0.33333333333333337
Footlong Pepperoni,396.0,34.0,90.0,32.0,16.0,10.0,2160.0,60.0,780.0,12.0,1.0,0.7692307692307693,0.5128205128205129,1.132201132201132,2.307692307692308,0.27350427350427353
Footlong Pizza Sub Melt,390.0,48.0,98.0,40.0,18.0,10.0,3280.0,110.0,980.0,20.0,1.0,0.6666666666666667,0.7482993197278912,1.2721971905645375,2.789115646258504,0.27210884353741494
Footlong Sea Salt & Pepper Fish,572.0,38.0,148.0,42.0,16.0,14.0,2260.0,80.0,1200.0,9.0,0.0,0.8222222222222223,0.4444444444444445,0.8225108225108225,1.5694444444444444,0.23333333333333336
Footlong Subway Melt,492.0,26.0,96.0,52.0,18.0,10.0,2820.0,80.0,820.0,10.0,1.0,0.7804878048780488,0.6504065040650407,0.8235666772252138,2.8658536585365852,0.42276422764227645
Footlong Subway Seafood SensationTM,466.0,38.0,102.0,26.0,16.0,10.0,1560.0,30.0,840.0,6.0,0.0,0.8095238095238095,0.23809523809523808,1.1750154607297465,1.5476190476190477,0.20634920634920637
Footlong Turkey & Bacon,468.0,18.0,94.0,46.0,16.0,10.0,2380.0,60.0,720.0,6.0,0.0,0.8703703703703705,0.5555555555555556,0.6493506493506493,2.7546296296296298,0.42592592592592593
Footlong Turkey & Bacon Avocado,540.0,28.0,100.0,48.0,16.0,14.0,2380.0,60.0,840.0,7.0,0.0,0.7936507936507936,0.47619047619047616,0.8658008658008658,2.361111111111111,0.38095238095238093
Footlong Turkey & Bacon Guacamole,540.0,30.0,100.0,48.0,16.0,14.0,2560.0,60.0,880.0,8.0,0.0,0.7575757575757576,0.45454545454545453,0.8854781582054309,2.4242424242424243,0.36363636363636365
Footlong Turkey Breast & Black Forest Ham,438.0,8.0,92.0,36.0,16.0,10.0,1560.0,40.0,560.0,2.0,0.0,1.0952380952380953,0.47619047619047616,0.37105751391465674,2.3214285714285716,0.42857142857142855
Footlong Turkey Italiano Melt,504.0,46.0,96.0,44.0,18.0,10.0,3120.0,100.0,960.0,16.0,1.0,0.6666666666666667,0.6944444444444445,1.2445887445887447,2.7083333333333335,0.3055555555555555
Footlong Veggie Patty,494.0,20.0,104.0,42.0,18.0,16.0,1600.0,0.0,780.0,6.0,0.0,0.888888888888889,0.0,0.666000666000666,1.7094017094017093,0.35897435897435903
Black Forest Ham Salad,344.0,3.0,13.0,12.0,8.0,4.0,600.0,25.0,110.0,1.0,0.0,0.7878787878787878,1.5151515151515151,0.7083825265643447,4.545454545454545,0.7272727272727273
Oven Roasted Chicken Salad,358.0,3.5,13.0,17.0,7.0,4.0,410.0,45.0,150.0,1.0,0.0,0.5777777777777778,2.0,0.6060606060606061,2.277777777777778,0.7555555555555555
Roast Beef Salad,358.0,3.5,12.0,19.0,7.0,4.0,460.0,45.0,140.0,1.0,0.0,0.5714285714285715,2.1428571428571432,0.6493506493506493,2.738095238095238,0.9047619047619048
Rotisserie-Style Chicken Salad,372.0,4.5,12.0,23.0,6.0,4.0,460.0,55.0,170.0,1.0,0.0,0.47058823529411764,2.1568627450980395,0.6875477463712758,2.254901960784314,0.9019607843137255
Subway Club Salad,365.0,3.0,13.0,18.0,7.0,4.0,640.0,40.0,140.0,1.0,0.0,0.6190476190476191,1.9047619047619047,0.5565862708719852,3.8095238095238093,0.8571428571428571
Sweet Onion Chicken Teriyaki Salad,415.0,3.0,34.0,19.0,23.0,4.0,650.0,50.0,230.0,1.0,0.0,0.9855072463768116,1.4492753623188406,0.3387916431394692,2.355072463768116,0.5507246376811594
Turkey Breast Salad,344.0,2.0,13.0,12.0,7.0,4.0,560.0,20.0,110.0,0.5,0.0,0.7878787878787878,1.2121212121212122,0.47225501770956313,4.242424242424242,0.7272727272727273
Veggie Delite Salad,287.0,1.0,11.0,3.0,6.0,4.0,80.0,0.0,60.0,0.0,0.0,1.222222222222222,0.0,0.4329004329004329,1.1111111111111112,0.33333333333333337
Chicken & Bacon Ranch Melt Salad,445.0,40.0,15.0,32.0,9.0,4.0,1290.0,100.0,540.0,12.0,1.0,0.18518518518518517,1.2345679012345678,1.924001924001924,1.9907407407407407,0.39506172839506176
Cold Cut Combo Salad,351.0,10.0,13.0,12.0,7.0,4.0,830.0,45.0,180.0,4.0,0.0,0.48148148148148145,1.6666666666666667,1.4430014430014428,3.8425925925925926,0.4444444444444445
Italian B.M.T. Salad,351.0,15.0,13.0,14.0,8.0,4.0,1060.0,45.0,230.0,6.0,0.0,0.37681159420289856,1.3043478260869565,1.693958215697346,3.8405797101449277,0.4057971014492754
Meatball Marinara Salad,426.0,17.0,27.0,15.0,12.0,6.0,790.0,40.0,310.0,7.0,1.0,0.5806451612903226,0.8602150537634409,1.42438206954336,2.1236559139784945,0.3225806451612903
Spicy Italian Salad,347.0,23.0,13.0,14.0,8.0,4.0,1290.0,50.0,310.0,9.0,0.5,0.2795698924731183,1.075268817204301,1.9271051529116043,3.467741935483871,0.3010752688172043
Steak & Cheese Salad,370.0,8.0,16.0,20.0,8.0,4.0,830.0,50.0,210.0,4.0,0.0,0.507936507936508,1.5873015873015872,0.9894867037724181,3.293650793650794,0.6349206349206349
Tuna Salad,362.0,24.0,11.0,15.0,6.0,4.0,380.0,40.0,310.0,4.0,0.0,0.23655913978494625,0.8602150537634409,2.0108923334729787,1.021505376344086,0.3225806451612903
"6"" Bacon, Egg & Cheese",190.0,18.0,44.0,25.0,6.0,4.0,1310.0,180.0,450.0,7.0,0.0,0.6518518518518519,2.666666666666667,1.0389610389610389,2.425925925925926,0.37037037037037035
"6"" Bacon, Egg & Cheese Flatbread",198.0,21.0,43.0,25.0,3.0,4.0,1370.0,180.0,460.0,7.0,0.0,0.6231884057971014,2.608695652173913,1.1857707509881423,2.4818840579710146,0.36231884057971014
"6"" Bacon, Egg White & Cheese",190.0,13.0,45.0,26.0,6.0,4.0,1340.0,20.0,410.0,4.0,0.0,0.7317073170731707,0.3252032520325204,0.8235666772252138,2.7235772357723578,0.42276422764227645
"6"" Bacon, Egg White & Cheese Flatbread",198.0,15.0,44.0,26.0,3.0,4.0,1410.0,20.0,430.0,5.0,0.0,0.6821705426356589,0.31007751937984496,0.906070673512534,2.7325581395348837,0.40310077519379844
"6"" Black Forest Ham, Egg & Cheese",203.0,14.0,45.0,24.0,6.0,4.0,1150.0,185.0,400.0,5.0,0.0,0.75,3.0833333333333335,0.9090909090909092,2.3958333333333335,0.4
"6"" Black Forest Ham, Egg & Cheese Flatbread",211.0,16.0,44.0,23.0,3.0,4.0,1210.0,185.0,410.0,5.0,0.0,0.7154471544715447,3.008130081300813,1.0136205258156477,2.459349593495935,0.3739837398373984
"6"" Black Forest Ham, Egg White & Cheese",203.0,9.0,45.0,25.0,6.0,4.0,1180.0,25.0,360.0,2.5,0.0,0.8333333333333334,0.462962962962963,0.6493506493506493,2.7314814814814814,0.462962962962963
"6"" Black Forest Ham, Egg White & Cheese Flatbread",211.0,11.0,44.0,25.0,3.0,4.0,1250.0,25.0,370.0,2.5,0.0,0.7927927927927929,0.4504504504504505,0.7722007722007722,2.8153153153153156,0.4504504504504505
"6"" Breakfast B.M.T",261.0,23.0,47.0,29.0,7.0,5.0,1630.0,205.0,500.0,8.0,0.0,0.6266666666666667,2.7333333333333334,1.1948051948051948,2.716666666666667,0.3866666666666667
"6"" Breakfast B.M.T Flatbread",270.0,25.0,46.0,28.0,5.0,5.0,1690.0,205.0,520.0,8.0,0.0,0.5897435897435898,2.628205128205128,1.2487512487512489,2.7083333333333335,0.35897435897435903
"6"" Breakfast B.M.T Flatbread with Egg White",270.0,20.0,46.0,30.0,5.0,4.0,1730.0,45.0,480.0,6.0,0.0,0.638888888888889,0.625,1.0822510822510822,3.0034722222222223,0.4166666666666667
"6"" Breakfast B.M.T with Egg White",261.0,17.0,47.0,30.0,7.0,5.0,1670.0,45.0,470.0,6.0,0.0,0.6666666666666667,0.6382978723404256,0.9394860458690245,2.9609929078014185,0.425531914893617
"6"" Egg & Cheese",174.0,13.0,44.0,19.0,5.0,4.0,880.0,170.0,370.0,4.5,0.0,0.7927927927927929,3.0630630630630633,0.9126009126009127,1.9819819819819822,0.3423423423423424
"6"" Egg & Cheese Flatbread",183.0,15.0,42.0,19.0,2.0,4.0,950.0,170.0,380.0,5.0,0.0,0.7368421052631579,2.982456140350877,1.0252904989747094,2.0833333333333335,0.33333333333333337
"6"" Egg White & Cheese",174.0,8.0,44.0,20.0,5.0,4.0,920.0,10.0,330.0,2.0,0.0,0.888888888888889,0.20202020202020204,0.6296733569460842,2.3232323232323235,0.4040404040404041
"6"" Egg White & Cheese Flatbread",183.0,10.0,43.0,20.0,2.0,4.0,980.0,10.0,340.0,2.5,0.0,0.8431372549019608,0.19607843137254902,0.7639419404125286,2.4019607843137254,0.39215686274509803
"6"" Mega Melt",246.0,29.0,45.0,35.0,6.0,4.0,1830.0,215.0,590.0,11.0,0.0,0.5084745762711865,2.4293785310734464,1.2766894122826327,2.5847457627118646,0.3954802259887006
"6"" Mega Melt Flatbread",255.0,31.0,44.0,34.0,3.0,4.0,1890.0,215.0,600.0,11.0,0.0,0.48888888888888893,2.388888888888889,1.341991341991342,2.625,0.37777777777777777
"6"" Mega Melt Flatbread with Egg White",255.0,26.0,45.0,36.0,3.0,4.0,1930.0,55.0,560.0,9.0,0.0,0.5357142857142858,0.6547619047619048,1.2059369202226344,2.8720238095238098,0.42857142857142855
"6"" Mega Melt with Egg White",246.0,24.0,46.0,36.0,6.0,4.0,1860.0,55.0,550.0,9.0,0.0,0.5575757575757576,0.6666666666666667,1.1334120425029517,2.8181818181818183,0.4363636363636364
"6"" Sausage, Egg & Cheese",231.0,24.0,45.0,29.0,6.0,4.0,1400.0,205.0,510.0,9.0,0.0,0.5882352941176471,2.6797385620915035,1.2223071046600458,2.2875816993464055,0.3790849673202614
"6"" Sausage, Egg & Cheese Flatbread",240.0,26.0,44.0,29.0,3.0,4.0,1470.0,205.0,520.0,9.0,0.0,0.5641025641025642,2.628205128205128,1.2987012987012987,2.355769230769231,0.3717948717948718
"6"" Sausage, Egg White & Cheese",231.0,18.0,45.0,30.0,5.0,4.0,1440.0,45.0,470.0,7.0,0.0,0.6382978723404256,0.6382978723404256,0.9947499309201436,2.5531914893617023,0.425531914893617
"6"" Sausage, Egg White & Cheese Flatbread",240.0,21.0,44.0,30.0,3.0,4.0,1500.0,45.0,480.0,7.0,0.0,0.611111111111111,0.625,1.1363636363636362,2.604166666666667,0.4166666666666667
"6"" Steak, Egg & Cheese",217.0,15.0,46.0,28.0,6.0,4.0,1210.0,195.0,440.0,6.0,0.0,0.6969696969696969,2.9545454545454546,0.8854781582054309,2.291666666666667,0.4242424242424242
"6"" Steak, Egg & Cheese Flatbread",225.0,18.0,45.0,28.0,4.0,4.0,1280.0,195.0,450.0,6.0,0.0,0.6666666666666667,2.8888888888888893,1.0389610389610389,2.3703703703703707,0.4148148148148148
"6"" Steak, Egg White & Cheese",217.0,10.0,46.0,29.0,6.0,4.0,1250.0,35.0,400.0,3.0,0.0,0.7666666666666667,0.5833333333333334,0.6493506493506493,2.604166666666667,0.48333333333333334
"6"" Steak, Egg White & Cheese Flatbread",225.0,12.0,45.0,29.0,3.0,4.0,1320.0,35.0,410.0,3.0,0.0,0.7317073170731707,0.5691056910569107,0.7602153943617359,2.682926829268293,0.47154471544715443
"6"" Sunrise Subway Melt",281.0,20.0,48.0,34.0,8.0,5.0,1810.0,205.0,510.0,7.0,0.0,0.6274509803921569,2.6797385620915035,1.0185892538833714,2.957516339869281,0.4444444444444445
"6"" Sunrise Subway Melt Flatbread",290.0,22.0,47.0,34.0,5.0,4.0,1880.0,205.0,530.0,7.0,0.0,0.5911949685534591,2.578616352201258,1.0781671159029649,2.955974842767296,0.4276729559748428
"6"" Sunrise Subway Melt Flatbread with Egg White",290.0,17.0,47.0,35.0,5.0,4.0,1910.0,40.0,490.0,5.0,0.0,0.6394557823129252,0.5442176870748299,0.9011396766498807,3.2482993197278915,0.47619047619047616
"6"" Sunrise Subway Melt with Egg White",281.0,15.0,48.0,36.0,8.0,5.0,1850.0,40.0,470.0,5.0,0.0,0.6808510638297872,0.5673758865248227,0.8289582757667864,3.280141843971631,0.5106382978723405
"Footlong Bacon, Egg & Cheese",380.0,36.0,88.0,50.0,12.0,8.0,2620.0,360.0,900.0,14.0,0.0,0.6518518518518519,2.666666666666667,1.0389610389610389,2.425925925925926,0.37037037037037035
"Footlong Bacon, Egg & Cheese Flatbread",396.0,42.0,86.0,50.0,6.0,8.0,2740.0,360.0,920.0,14.0,0.0,0.6231884057971014,2.608695652173913,1.1857707509881423,2.4818840579710146,0.36231884057971014
"Footlong Bacon, Egg White & Cheese",380.0,26.0,90.0,52.0,12.0,8.0,2680.0,40.0,820.0,8.0,0.0,0.7317073170731707,0.3252032520325204,0.8235666772252138,2.7235772357723578,0.42276422764227645
"Footlong Bacon, Egg White & Cheese Flatbread",396.0,30.0,88.0,52.0,6.0,8.0,2820.0,40.0,860.0,10.0,0.0,0.6821705426356589,0.31007751937984496,0.906070673512534,2.7325581395348837,0.40310077519379844
"Footlong Black Forest Ham, Egg & Cheese",406.0,28.0,90.0,48.0,12.0,8.0,2300.0,370.0,800.0,10.0,0.0,0.75,3.0833333333333335,0.9090909090909092,2.3958333333333335,0.4
"Footlong Black Forest Ham, Egg & Cheese Flatbread",422.0,32.0,88.0,46.0,6.0,8.0,2420.0,370.0,820.0,10.0,0.0,0.7154471544715447,3.008130081300813,1.0136205258156477,2.459349593495935,0.3739837398373984
"Footlong Black Forest Ham, Egg White & Cheese",406.0,18.0,90.0,50.0,12.0,8.0,2360.0,50.0,720.0,5.0,0.0,0.8333333333333334,0.462962962962963,0.6493506493506493,2.7314814814814814,0.462962962962963
"Footlong Black Forest Ham, Egg White & Cheese Flatbread",422.0,22.0,88.0,50.0,6.0,8.0,2500.0,50.0,740.0,5.0,0.0,0.7927927927927929,0.4504504504504505,0.7722007722007722,2.8153153153153156,0.4504504504504505
Footlong Breakfast B.M.T,522.0,46.0,94.0,58.0,14.0,10.0,3260.0,410.0,1000.0,16.0,0.0,0.6266666666666667,2.7333333333333334,1.1948051948051948,2.716666666666667,0.3866666666666667
Footlong Breakfast B.M.T Flatbread,540.0,50.0,92.0,56.0,10.0,10.0,3380.0,410.0,1040.0,16.0,0.0,0.5897435897435898,2.628205128205128,1.2487512487512489,2.7083333333333335,0.35897435897435903
Footlong Breakfast B.M.T Flatbread with Egg White,540.0,40.0,92.0,60.0,10.0,8.0,3460.0,90.0,960.0,12.0,0.0,0.638888888888889,0.625,1.0822510822510822,3.0034722222222223,0.4166666666666667
Footlong Breakfast B.M.T with Egg White,522.0,34.0,94.0,60.0,14.0,10.0,3340.0,90.0,940.0,12.0,0.0,0.6666666666666667,0.6382978723404256,0.9394860458690245,2.9609929078014185,0.425531914893617
Footlong Egg & Cheese,348.0,26.0,88.0,38.0,10.0,8.0,1760.0,340.0,740.0,9.0,0.0,0.7927927927927929,3.0630630630630633,0.9126009126009127,1.9819819819819822,0.3423423423423424
Footlong Egg & Cheese Flatbread,366.0,30.0,84.0,38.0,4.0,8.0,1900.0,340.0,760.0,10.0,0.0,0.7368421052631579,2.982456140350877,1.0252904989747094,2.0833333333333335,0.33333333333333337
Footlong Egg White & Cheese,348.0,16.0,88.0,40.0,10.0,8.0,1840.0,20.0,660.0,4.0,0.0,0.888888888888889,0.20202020202020204,0.6296733569460842,2.3232323232323235,0.4040404040404041
Footlong Egg White & Cheese Flatbread,366.0,20.0,86.0,40.0,4.0,8.0,1960.0,20.0,680.0,5.0,0.0,0.8431372549019608,0.19607843137254902,0.7639419404125286,2.4019607843137254,0.39215686274509803
Footlong Mega Melt,492.0,58.0,90.0,70.0,12.0,8.0,3660.0,430.0,1180.0,22.0,0.0,0.5084745762711865,2.4293785310734464,1.2766894122826327,2.5847457627118646,0.3954802259887006
Footlong Mega Melt Flatbread,510.0,62.0,88.0,68.0,6.0,8.0,3780.0,430.0,1200.0,22.0,0.0,0.48888888888888893,2.388888888888889,1.341991341991342,2.625,0.37777777777777777
Footlong Mega Melt Flatbread with Egg White,510.0,52.0,90.0,72.0,6.0,8.0,3860.0,110.0,1120.0,18.0,0.0,0.5357142857142858,0.6547619047619048,1.2059369202226344,2.8720238095238098,0.42857142857142855
Footlong Mega Melt with Egg White,492.0,48.0,92.0,72.0,12.0,8.0,3720.0,110.0,1100.0,18.0,0.0,0.5575757575757576,0.6666666666666667,1.1334120425029517,2.8181818181818183,0.4363636363636364
"Footlong Sausage, Egg & Cheese",462.0,48.0,90.0,58.0,12.0,8.0,2800.0,410.0,1020.0,18.0,0.0,0.5882352941176471,2.6797385620915035,1.2223071046600458,2.2875816993464055,0.3790849673202614
"Footlong Sausage, Egg & Cheese Flatbread",480.0,52.0,88.0,58.0,6.0,8.0,2940.0,410.0,1040.0,18.0,0.0,0.5641025641025642,2.628205128205128,1.2987012987012987,2.355769230769231,0.3717948717948718
"Footlong Sausage, Egg White & Cheese",462.0,36.0,90.0,60.0,10.0,8.0,2880.0,90.0,940.0,14.0,0.0,0.6382978723404256,0.6382978723404256,0.9947499309201436,2.5531914893617023,0.425531914893617
"Footlong Sausage, Egg White & Cheese Flatbread",480.0,42.0,88.0,60.0,6.0,8.0,3000.0,90.0,960.0,14.0,0.0,0.611111111111111,0.625,1.1363636363636362,2.604166666666667,0.4166666666666667
"Footlong Steak, Egg & Cheese",434.0,30.0,92.0,56.0,12.0,8.0,2420.0,390.0,880.0,12.0,0.0,0.6969696969696969,2.9545454545454546,0.8854781582054309,2.291666666666667,0.4242424242424242
"Footlong Steak, Egg & Cheese Flatbread",450.0,36.0,90.0,56.0,8.0,8.0,2560.0,390.0,900.0,12.0,0.0,0.6666666666666667,2.8888888888888893,1.0389610389610389,2.3703703703703707,0.4148148148148148
"Footlong Steak, Egg White & Cheese",434.0,20.0,92.0,58.0,12.0,8.0,2500.0,70.0,800.0,6.0,0.0,0.7666666666666667,0.5833333333333334,0.6493506493506493,2.604166666666667,0.48333333333333334
"Footlong Steak, Egg White & Cheese Flatbread",450.0,24.0,90.0,58.0,6.0,8.0,2640.0,70.0,820.0,6.0,0.0,0.7317073170731707,0.5691056910569107,0.7602153943617359,2.682926829268293,0.47154471544715443
Footlong Sunrise Subway Melt,562.0,40.0,96.0,68.0,16.0,10.0,3620.0,410.0,1020.0,14.0,0.0,0.6274509803921569,2.6797385620915035,1.0185892538833714,2.957516339869281,0.4444444444444445
Footlong Sunrise Subway Melt Flatbread,580.0,44.0,94.0,68.0,10.0,8.0,3760.0,410.0,1060.0,14.0,0.0,0.5911949685534591,2.578616352201258,1.0781671159029649,2.955974842767296,0.4276729559748428
Footlong Sunrise Subway Melt Flatbread with Egg White,580.0,34.0,94.0,70.0,10.0,8.0,3820.0,80.0,980.0,10.0,0.0,0.6394557823129252,0.5442176870748299,0.9011396766498807,3.2482993197278915,0.47619047619047616
Footlong Sunrise Subway Melt with Egg White,562.0,30.0,96.0,72.0,16.0,10.0,3700.0,80.0,940.0,10.0,0.0,0.6808510638297872,0.5673758865248227,0.8289582757667864,3.280141843971631,0.5106382978723405
Cheese Flatizza,157.0,16.0,43.0,21.0,3.0,4.0,810.0,35.0,400.0,8.0,0.0,0.7166666666666667,0.5833333333333334,1.0389610389610389,1.6875,0.35
Pepperoni Flatizza,181.0,26.0,44.0,26.0,4.0,4.0,1340.0,60.0,500.0,12.0,0.0,0.5866666666666667,0.8,1.3506493506493507,2.2333333333333334,0.3466666666666667
Spicy Italian Flatizza,181.0,25.0,44.0,26.0,4.0,4.0,1290.0,60.0,500.0,11.0,0.0,0.5866666666666667,0.8,1.2987012987012987,2.1500000000000004,0.3466666666666667
Veggie Flatizza,191.0,17.0,45.0,22.0,4.0,5.0,850.0,35.0,410.0,8.0,0.0,0.7317073170731707,0.5691056910569107,1.0769718086791258,1.7276422764227644,0.35772357723577236
Bacon Pizza,323.0,31.0,98.0,37.0,8.0,4.0,2060.0,70.0,840.0,12.0,0.5,0.7777777777777778,0.5555555555555556,0.95856524427953,2.043650793650794,0.29365079365079366
Cheese Pizza,293.0,23.0,97.0,28.0,7.0,4.0,1530.0,50.0,720.0,9.0,0.5,0.8981481481481481,0.462962962962963,0.8297258297258296,1.7708333333333335,0.2592592592592593
Meatball Pizza,344.0,33.0,100.0,37.0,7.0,5.0,1840.0,80.0,860.0,14.0,1.0,0.7751937984496124,0.6201550387596899,0.9966777408637875,1.7829457364341084,0.2868217054263566
Pepperoni Pizza,323.0,33.0,97.0,35.0,8.0,4.0,1800.0,70.0,840.0,13.0,1.0,0.7698412698412699,0.5555555555555556,1.0204081632653061,1.7857142857142858,0.2777777777777778
Sausage Pizza,336.0,35.0,98.0,35.0,8.0,4.0,1870.0,80.0,860.0,14.0,0.5,0.7596899224806202,0.6201550387596899,1.0570824524312896,1.8120155038759689,0.2713178294573644
9-Grain Honey Oat Bread,82.0,2.5,43.0,8.0,6.0,4.0,280.0,0.0,230.0,0.5,0.0,1.2463768115942029,0.0,0.282326369282891,1.0144927536231885,0.2318840579710145
9-Grain Wheat Bread,78.0,2.0,40.0,8.0,5.0,4.0,270.0,0.0,210.0,0.5,0.0,1.2698412698412698,0.0,0.24737167594310452,1.0714285714285716,0.253968253968254
Artisan Flatbread,87.0,4.5,39.0,7.0,2.0,4.0,340.0,0.0,230.0,1.0,0.0,1.1304347826086956,0.0,0.5081874647092038,1.2318840579710144,0.2028985507246377
Bagel,105.0,1.5,56.0,11.0,1.0,2.0,560.0,0.0,290.0,0.0,0.0,1.2873563218390804,0.0,0.13434841021047916,1.6091954022988506,0.25287356321839083
Gluten-Free Bread,113.0,12.0,52.0,6.0,7.0,3.0,800.0,0.0,340.0,7.0,0.0,1.019607843137255,0.0,0.9167303284950343,1.9607843137254903,0.11764705882352941
Habanero Wrap,102.0,8.0,50.0,9.0,1.0,0.0,690.0,0.0,300.0,3.5,0.0,1.1111111111111112,0.0,0.6926406926406927,1.9166666666666665,0.2
Harvest Bread,82.0,3.0,41.0,10.0,5.0,4.0,280.0,0.0,230.0,0.5,0.0,1.1884057971014492,0.0,0.3387916431394692,1.0144927536231885,0.2898550724637681
Hearty Italian Bread,75.0,2.5,40.0,7.0,3.0,2.0,340.0,0.0,210.0,0.5,0.0,1.2698412698412698,0.0,0.30921459492888065,1.3492063492063493,0.22222222222222224
Italian Herbs & Cheese Bread,82.0,5.0,41.0,9.0,3.0,2.0,530.0,10.0,240.0,2.0,0.0,1.138888888888889,0.2777777777777778,0.5411255411255411,1.840277777777778,0.25
Italian White Bread,71.0,2.5,38.0,7.0,3.0,1.0,340.0,0.0,200.0,0.5,0.0,1.2666666666666668,0.0,0.3246753246753247,1.4166666666666667,0.23333333333333336
Jalapeno Cheese/Cheddar Bread,85.0,5.0,40.0,9.0,3.0,2.0,690.0,10.0,240.0,2.0,0.0,1.1111111111111112,0.2777777777777778,0.5411255411255411,2.3958333333333335,0.25
Monterey Cheddar Bread,82.0,6.0,38.0,10.0,3.0,2.0,410.0,10.0,240.0,2.5,0.0,1.0555555555555556,0.2777777777777778,0.6493506493506493,1.4236111111111112,0.2777777777777778
Parmesan Oregano Bread,75.0,2.5,40.0,7.0,3.0,2.0,490.0,0.0,210.0,0.5,0.0,1.2698412698412698,0.0,0.30921459492888065,1.9444444444444446,0.22222222222222224
Roasted Garlic Bread,82.0,2.5,44.0,8.0,4.0,2.0,1260.0,0.0,230.0,0.5,0.0,1.2753623188405798,0.0,0.282326369282891,4.565217391304349,0.2318840579710145
Rye Bread,78.0,2.5,34.0,8.0,4.0,4.0,330.0,0.0,190.0,0.0,0.0,1.192982456140351,0.0,0.3417634996582365,1.4473684210526316,0.2807017543859649
Sourdough Bread,78.0,1.5,36.0,9.0,3.0,1.0,310.0,0.0,190.0,0.0,0.0,1.2631578947368423,0.0,0.2050580997949419,1.3596491228070176,0.31578947368421056
Spinach Wrap,102.0,8.0,48.0,8.0,1.0,2.0,780.0,0.0,300.0,3.5,0.0,1.0666666666666667,0.0,0.6926406926406927,2.166666666666667,0.17777777777777778
Tomato Basil Wrap,102.0,8.0,49.0,8.0,1.0,2.0,730.0,0.0,300.0,3.5,0.0,1.088888888888889,0.0,0.6926406926406927,2.0277777777777777,0.17777777777777778
BBQ Pulled Pork,113.0,6.0,18.0,15.0,18.0,0.0,700.0,45.0,200.0,4.0,0.0,0.6,1.5,0.7792207792207791,2.916666666666667,0.5
BBQ Rib Patty,78.0,22.0,4.0,12.0,3.0,0.0,470.0,45.0,260.0,0.5,0.0,0.10256410256410257,1.153846153846154,2.197802197802198,1.5064102564102564,0.3076923076923077
Buffalo Chicken Strips,85.0,2.0,1.0,16.0,0.0,0.0,620.0,50.0,90.0,0.0,0.0,0.07407407407407408,3.703703703703704,0.5772005772005773,5.740740740740741,1.1851851851851853
Chicken Enchilada,85.0,4.0,7.0,12.0,2.0,1.0,410.0,0.0,120.0,0.0,0.0,0.3888888888888889,0.0,0.8658008658008658,2.8472222222222223,0.6666666666666667
Chicken Strips,71.0,1.5,0.0,16.0,0.0,0.0,210.0,50.0,80.0,1.5,0.0,0.0,4.166666666666667,0.487012987012987,2.1875,1.3333333333333335
Corned Beef,99.0,3.0,4.0,26.0,4.0,0.0,1070.0,65.0,150.0,3.0,0.0,0.17777777777777778,2.8888888888888893,0.5194805194805194,5.944444444444445,1.1555555555555557
Egg Patty,85.0,7.0,3.0,9.0,0.0,0.0,410.0,160.0,120.0,3.0,0.0,0.16666666666666669,8.88888888888889,1.5151515151515151,2.8472222222222223,0.5
Egg Salad,85.0,23.0,1.0,8.0,1.0,0.0,170.0,255.0,250.0,0.0,0.0,0.02666666666666667,6.800000000000001,2.3896103896103895,0.5666666666666668,0.21333333333333335
Egg White Patty,85.0,2.0,3.0,11.0,0.0,0.0,440.0,0.0,80.0,0.5,0.0,0.25,0.0,0.6493506493506493,4.583333333333334,0.9166666666666667
Falafel,85.0,6.0,28.0,9.0,1.0,8.0,0.0,0.0,200.0,2.5,0.0,0.9333333333333335,0.0,0.7792207792207791,0.0,0.3
Fish Filet,90.0,8.0,18.0,11.0,1.0,1.0,630.0,30.0,190.0,1.5,0.0,0.6315789473684211,1.0526315789473684,1.0936431989063569,2.7631578947368425,0.3859649122807018
Italian Hero Meats,85.0,18.0,3.0,14.0,2.0,0.0,1070.0,65.0,230.0,6.0,0.5,0.08695652173913043,1.8840579710144927,2.0327498588368154,3.876811594202899,0.4057971014492754
Meatballs,139.0,16.0,16.0,13.0,6.0,3.0,720.0,40.0,260.0,0.0,1.0,0.4102564102564103,1.0256410256410258,1.5984015984015985,2.307692307692308,0.33333333333333337
Orchard Chicken Salad,85.0,5.0,10.0,12.0,8.0,1.0,250.0,40.0,140.0,0.0,0.0,0.47619047619047616,1.9047619047619047,0.9276437847866419,1.4880952380952381,0.5714285714285715
Roast Beef,71.0,2.5,1.0,16.0,1.0,0.0,390.0,45.0,90.0,6.0,0.0,0.07407407407407408,3.3333333333333335,0.7215007215007214,3.611111111111111,1.1851851851851853
Roasted Chicken Patty,71.0,2.5,2.0,15.0,1.0,0.0,330.0,45.0,90.0,0.5,0.0,0.14814814814814817,3.3333333333333335,0.7215007215007214,3.0555555555555554,1.1111111111111112
Rotisserie-Style Chicken,85.0,3.5,1.0,21.0,0.0,0.0,380.0,55.0,120.0,0.0,0.0,0.05555555555555556,3.0555555555555554,0.7575757575757576,2.638888888888889,1.1666666666666667
Seafood Sensation,71.0,17.0,8.0,4.0,2.0,0.0,500.0,15.0,190.0,2.0,0.0,0.2807017543859649,0.5263157894736842,2.3239917976760083,2.192982456140351,0.14035087719298245
Steak,71.0,4.0,4.0,15.0,2.0,0.0,550.0,40.0,110.0,1.0,0.5,0.24242424242424243,2.4242424242424243,0.9445100354191263,4.166666666666667,0.9090909090909091
Subway Club Meats,78.0,2.5,2.0,15.0,1.0,0.0,560.0,40.0,90.0,3.0,0.0,0.14814814814814817,2.962962962962963,0.7215007215007214,5.185185185185185,1.1111111111111112
Teriyaki Glazed Chicken Strips,85.0,2.0,5.0,16.0,2.0,0.0,400.0,50.0,100.0,0.5,0.0,0.33333333333333337,3.3333333333333335,0.5194805194805194,3.3333333333333335,1.0666666666666667
Tuna,74.0,23.0,0.0,12.0,0.0,0.0,300.0,40.0,250.0,2.0,0.5,0.0,1.0666666666666667,2.3896103896103895,1.0,0.32
Veggie Patty,85.0,8.0,8.0,13.0,2.0,3.0,520.0,0.0,160.0,2.0,0.0,0.33333333333333337,0.0,1.2987012987012987,2.7083333333333335,0.5416666666666667
Apple Cinnamon Pecan Muffin,113.0,25.0,57.0,6.0,35.0,2.0,380.0,65.0,480.0,5.0,0.0,0.7916666666666666,0.9027777777777778,1.352813852813853,0.6597222222222222,0.08333333333333334
Banana Bread Muffin,113.0,25.0,53.0,6.0,29.0,2.0,330.0,40.0,460.0,3.5,0.0,0.7681159420289856,0.5797101449275363,1.411631846414455,0.5978260869565217,0.08695652173913043
Blueberry Crumb Muffin,113.0,17.0,60.0,5.0,34.0,1.0,410.0,45.0,410.0,5.0,0.0,0.975609756097561,0.7317073170731707,1.0769718086791258,0.8333333333333334,0.0813008130081301
Brownie,86.0,17.0,51.0,5.0,32.0,1.0,125.0,30.0,370.0,6.0,0.0,0.918918918918919,0.5405405405405406,1.1934011934011934,0.28153153153153154,0.0900900900900901
"Brownie, Gluten Free",80.0,16.0,48.0,3.0,34.0,2.0,170.0,55.0,350.0,1.5,0.0,0.9142857142857144,1.0476190476190477,1.1873840445269017,0.40476190476190477,0.05714285714285715
Chocolate Chunk Muffin,113.0,27.0,63.0,5.0,40.0,2.0,380.0,75.0,510.0,8.0,0.0,0.823529411764706,0.9803921568627452,1.3750954927425516,0.6209150326797386,0.06535947712418301
Cinnamon Rolls,163.0,27.0,83.0,9.0,33.0,3.0,730.0,5.0,610.0,13.0,0.0,0.907103825136612,0.054644808743169404,1.1496700021290185,0.9972677595628415,0.09836065573770493
Croissant,85.0,11.0,34.0,5.0,4.0,1.0,300.0,30.0,260.0,7.0,0.0,0.8717948717948719,0.7692307692307693,1.098901098901099,0.9615384615384615,0.12820512820512822
Triple Berry Muffin,113.0,17.0,55.0,7.0,30.0,5.0,430.0,50.0,400.0,4.5,0.0,0.9166666666666667,0.8333333333333334,1.103896103896104,0.8958333333333334,0.11666666666666668
Beef Chili with Beans Soup,255.0,22.0,20.0,21.0,6.0,5.0,800.0,70.0,360.0,8.0,1.5,0.37037037037037035,1.2962962962962963,1.5873015873015872,1.851851851851852,0.3888888888888889
Black Bean Soup,255.0,1.0,39.0,12.0,6.0,15.0,860.0,0.0,210.0,0.0,0.0,1.2380952380952381,0.0,0.12368583797155226,3.4126984126984126,0.38095238095238093
Broccoli Cheddar Soup,255.0,9.0,18.0,5.0,4.0,1.0,630.0,25.0,170.0,5.0,0.0,0.7058823529411765,0.9803921568627452,1.3750954927425516,3.088235294117647,0.19607843137254902
Creamy Chicken & Dumplings Soup,245.0,4.5,20.0,8.0,3.0,3.0,740.0,35.0,150.0,2.0,0.0,0.888888888888889,1.5555555555555556,0.7792207792207791,4.111111111111112,0.35555555555555557
Creamy Chicken & Wild Rice Soup,240.0,11.0,16.0,7.0,3.0,1.0,820.0,40.0,190.0,6.0,0.5,0.5614035087719298,1.4035087719298245,1.5037593984962405,3.5964912280701755,0.24561403508771928
French Onion Soup,219.0,6.0,19.0,5.0,1.0,1.0,940.0,15.0,150.0,3.5,0.0,0.8444444444444446,0.6666666666666667,1.0389610389610389,5.222222222222222,0.22222222222222224
Homestyle Chicken Noodle Soup,255.0,3.0,14.0,8.0,2.0,1.0,720.0,30.0,110.0,1.5,0.0,0.8484848484848484,1.8181818181818181,0.7083825265643447,5.454545454545455,0.48484848484848486
Loaded Baked Potato with Bacon Soup,255.0,13.0,15.0,5.0,4.0,1.0,800.0,35.0,210.0,7.0,0.0,0.47619047619047616,1.1111111111111112,1.6079158936301794,3.1746031746031744,0.15873015873015872
Spicy Chicken Tortilla Soup,227.0,4.5,12.0,6.0,3.0,2.0,660.0,10.0,110.0,1.0,0.0,0.7272727272727273,0.6060606060606061,1.062573789846517,5.0,0.36363636363636365
Tomato Basil Soup,236.0,6.0,15.0,4.0,7.0,2.0,700.0,20.0,130.0,3.5,0.0,0.7692307692307693,1.0256410256410258,1.1988011988011988,4.487179487179488,0.20512820512820515
